3000
1 9 7 117
2 6 12 100
3 1 11 88
4 7 1 139
5 4 11 35
6 5 2 150
7 9 13 31
8 8 3 41
9 9 11 86
10 3 2 45
11 7 13 149
12 11 4 128
13 6 4 125
14 6 3 27
15 13 7 28
16 1 5 110
17 9 4 133
18 9 7 92
19 1 6 139
20 9 11 54
21 10 6 105
22 6 2 115
23 12 7 71
24 9 2 142
25 12 7 145
26 7 1 107
27 2 5 125
28 12 13 72
29 5 1 123
30 1 4 54
31 3 11 78
32 9 6 125
33 14 8 122
34 7 12 60
35 8 14 50
36 3 6 104
37 10 5 68
38 13 11 35
39 13 7 112
40 12 2 147
41 8 1 44
42 2 6 98
43 9 5 140
44 8 2 111
45 2 1 135
46 10 12 55
47 9 4 114
48 9 13 40
49 6 13 134
50 13 6 53
51 9 10 78
52 14 6 43
53 12 4 145
54 13 3 123
55 3 13 42
56 14 7 110
57 12 8 90
58 14 9 137
59 3 9 37
60 6 4 114
61 6 2 93
62 4 9 23
63 6 7 110
64 2 10 135
65 14 6 118
66 11 3 44
67 11 13 136
68 7 4 92
69 3 7 63
70 10 3 71
71 13 11 72
72 6 2 101
73 10 4 107
74 5 13 57
75 9 7 127
76 8 2 75
77 13 9 144
78 12 3 55
79 13 5 114
80 11 4 65
81 8 7 25
82 12 2 145
83 7 10 113
84 8 12 142
85 13 10 79
86 13 10 26
87 7 9 116
88 2 5 89
89 6 10 52
90 5 11 64
91 7 14 86
92 6 7 68
93 11 3 101
94 12 4 110
95 2 8 141
96 3 7 88
97 2 6 107
98 13 9 114
99 8 3 128
100 1 13 48
101 12 2 65
102 10 2 44
103 13 6 37
104 13 5 111
105 5 6 80
106 6 4 129
107 12 1 102
108 9 11 53
109 8 10 77
110 5 1 113
111 8 2 50
112 7 4 22
113 3 14 42
114 3 2 98
115 3 10 132
116 9 7 118
117 4 3 136
118 2 3 46
119 4 6 61
120 1 9 149
121 4 9 80
122 8 3 82
123 3 1 114
124 14 6 96
125 2 10 63
126 3 13 33
127 9 10 136
128 1 2 45
129 14 2 93
130 4 3 137
131 14 2 113
132 7 10 41
133 3 2 37
134 2 14 90
135 8 4 76
136 13 11 143
137 5 6 77
138 11 8 147
139 2 13 117
140 5 1 29
141 13 4 63
142 2 1 136
143 14 12 60
144 14 11 32
145 13 2 84
146 8 13 52
147 9 7 145
148 4 2 73
149 11 9 63
150 1 3 119
151 11 14 82
152 4 7 121
153 14 10 135
154 7 12 116
155 14 8 109
156 6 8 36
157 8 11 132
158 7 5 119
159 5 1 79
160 5 4 97
161 9 11 20
162 6 13 78
163 5 10 23
164 8 3 56
165 12 4 39
166 8 7 55
167 10 5 41
168 13 2 114
169 14 4 62
170 8 2 45
171 1 9 90
172 10 5 39
173 11 9 146
174 6 12 123
175 8 5 142
176 9 5 111
177 6 13 67
178 14 3 150
179 8 14 43
180 1 11 90
181 9 6 129
182 11 1 139
183 2 13 24
184 11 9 106
185 12 14 142
186 13 11 41
187 1 11 112
188 1 4 148
189 10 7 118
190 11 2 87
191 6 3 121
192 3 9 38
193 1 9 54
194 5 2 137
195 6 3 35
196 1 11 115
197 6 11 28
198 12 3 48
199 2 12 95
200 14 2 24
201 14 3 84
202 10 12 136
203 5 6 130
204 6 14 106
205 2 6 145
206 6 13 44
207 5 12 61
208 2 9 78
209 14 6 118
210 10 11 54
211 1 11 71
212 13 14 138
213 9 1 121
214 9 6 115
215 1 10 77
216 8 5 147
217 1 11 39
218 2 4 30
219 9 3 117
220 6 4 100
221 10 1 28
222 2 13 54
223 7 12 74
224 3 1 32
225 7 8 29
226 7 8 102
227 3 2 149
228 10 3 69
229 8 9 125
230 10 7 82
231 4 11 70
232 5 1 21
233 2 11 121
234 12 4 112
235 1 3 30
236 7 10 125
237 9 3 85
238 8 6 108
239 7 2 111
240 10 2 61
241 6 12 126
242 11 7 45
243 1 12 137
244 8 14 54
245 13 6 147
246 12 10 89
247 1 3 31
248 14 12 41
249 9 12 140
250 11 1 63
251 12 2 114
252 4 12 44
253 10 4 43
254 13 1 21
255 1 4 129
256 4 7 142
257 8 3 94
258 2 4 99
259 1 7 50
260 8 13 45
261 5 6 53
262 2 11 116
263 5 10 82
264 10 11 63
265 4 14 40
266 7 4 133
267 3 4 128
268 1 6 92
269 13 7 33
270 1 4 149
271 9 7 83
272 4 1 23
273 10 11 92
274 14 13 116
275 9 6 88
276 9 6 33
277 13 3 133
278 1 13 80
279 12 14 81
280 6 14 70
281 1 12 137
282 9 5 39
283 5 3 116
284 11 14 79
285 9 5 40
286 2 14 132
287 14 11 144
288 6 5 52
289 12 3 58
290 7 1 44
291 9 6 88
292 12 2 29
293 12 11 20
294 1 9 55
295 2 8 28
296 6 14 148
297 7 9 138
298 11 8 141
299 13 4 99
300 11 6 126
301 1 12 132
302 8 5 45
303 10 4 142
304 1 10 43
305 8 6 54
306 8 2 22
307 8 11 76
308 2 4 93
309 5 2 102
310 8 7 83
311 4 7 42
312 12 3 123
313 11 9 81
314 12 9 132
315 14 5 38
316 3 11 52
317 10 6 102
318 2 4 91
319 2 9 26
320 5 9 104
321 8 2 137
322 10 9 93
323 13 5 107
324 10 2 120
325 7 12 112
326 1 3 129
327 14 12 34
328 4 6 70
329 12 10 137
330 1 4 129
331 6 4 64
332 6 12 124
333 3 8 46
334 12 7 111
335 3 7 105
336 13 7 132
337 11 9 41
338 7 5 78
339 11 4 103
340 2 4 115
341 5 9 125
342 12 3 118
343 3 1 92
344 8 12 111
345 13 11 81
346 8 7 127
347 10 1 106
348 4 9 61
349 8 1 149
350 13 11 48
351 1 2 100
352 11 5 92
353 4 13 56
354 10 7 34
355 11 9 124
356 11 4 100
357 14 8 70
358 13 4 122
359 4 1 69
360 9 1 42
361 3 10 78
362 8 1 87
363 13 14 42
364 14 7 132
365 10 7 28
366 11 13 102
367 11 9 27
368 5 11 114
369 2 1 48
370 6 10 126
371 13 2 65
372 4 6 116
373 8 9 93
374 1 8 22
375 6 11 30
376 5 2 115
377 6 7 110
378 14 12 88
379 9 5 84
380 9 1 112
381 5 8 30
382 1 11 127
383 1 2 88
384 6 13 36
385 1 5 132
386 6 10 130
387 12 6 46
388 4 8 126
389 4 1 105
390 14 1 23
391 7 9 127
392 12 1 25
393 13 1 82
394 5 11 127
395 11 13 114
396 3 12 113
397 1 13 140
398 3 7 50
399 11 14 93
400 2 3 70
401 8 2 50
402 5 13 48
403 2 4 36
404 7 1 127
405 12 7 93
406 4 3 72
407 7 6 80
408 10 1 29
409 9 2 143
410 14 3 101
411 13 4 141
412 12 10 34
413 11 14 50
414 12 7 138
415 1 8 35
416 4 3 49
417 10 12 93
418 12 10 106
419 8 13 49
420 5 14 132
421 1 7 119
422 3 1 51
423 10 14 35
424 8 4 150
425 8 1 30
426 4 3 136
427 14 6 98
428 7 11 82
429 8 13 108
430 10 8 41
431 11 3 150
432 7 4 108
433 3 4 76
434 7 10 28
435 2 9 92
436 14 11 131
437 10 3 92
438 8 1 46
439 7 10 125
440 10 8 46
441 9 13 87
442 10 8 66
443 5 10 40
444 8 12 82
445 6 13 113
446 1 6 66
447 1 10 73
448 5 7 83
449 1 4 117
450 9 14 96
451 12 11 25
452 10 1 73
453 1 3 100
454 14 12 54
455 8 14 64
456 6 13 43
457 4 14 66
458 3 8 111
459 6 3 104
460 4 6 83
461 5 8 68
462 8 3 130
463 14 12 91
464 12 5 53
465 13 10 25
466 11 7 111
467 1 3 65
468 7 4 110
469 7 2 128
470 1 11 31
471 1 14 49
472 5 13 23
473 1 14 39
474 1 13 146
475 2 5 150
476 3 7 57
477 14 2 88
478 4 8 150
479 3 13 89
480 5 8 134
481 6 2 24
482 11 1 51
483 11 3 121
484 7 2 57
485 8 5 50
486 12 8 133
487 8 11 134
488 3 14 61
489 9 4 91
490 13 2 148
491 5 11 109
492 7 2 57
493 5 4 97
494 13 8 141
495 2 8 93
496 2 12 89
497 7 11 52
498 12 1 45
499 4 13 56
500 7 14 70
501 10 2 87
502 9 14 60
503 1 4 67
504 7 5 45
505 4 14 121
506 12 7 119
507 11 3 48
508 12 6 79
509 14 4 65
510 4 1 126
511 11 2 112
512 10 3 137
513 7 4 139
514 6 9 33
515 9 8 134
516 7 1 27
517 14 9 36
518 10 7 25
519 1 5 50
520 7 2 132
521 14 2 30
522 5 1 49
523 13 4 90
524 1 2 139
525 12 8 59
526 2 9 96
527 12 8 54
528 6 5 106
529 9 7 73
530 13 6 142
531 12 10 98
532 12 9 40
533 9 12 129
534 4 12 34
535 7 6 30
536 13 3 34
537 6 5 95
538 7 13 126
539 11 14 134
540 9 2 39
541 14 11 141
542 4 7 147
543 3 14 76
544 10 8 53
545 4 2 71
546 9 2 64
547 7 8 95
548 14 2 63
549 12 6 139
550 7 1 29
551 7 11 45
552 6 12 149
553 3 14 65
554 6 4 86
555 10 9 109
556 4 7 105
557 4 2 97
558 6 11 46
559 7 8 28
560 1 7 103
561 9 8 81
562 13 10 143
563 11 7 102
564 4 1 24
565 4 13 142
566 2 9 114
567 2 4 96
568 13 2 119
569 4 14 46
570 10 12 105
571 6 11 130
572 5 6 51
573 1 7 110
574 1 13 78
575 5 9 98
576 9 3 121
577 6 5 30
578 11 13 74
579 12 7 128
580 1 11 106
581 6 14 69
582 2 7 24
583 2 10 91
584 6 11 102
585 9 11 110
586 4 6 100
587 8 7 130
588 9 3 121
589 4 6 36
590 7 2 114
591 6 2 90
592 4 5 124
593 6 1 106
594 1 4 29
595 9 12 85
596 5 7 89
597 4 12 54
598 5 8 135
599 12 9 80
600 3 11 126
601 10 14 131
602 2 3 88
603 7 3 20
604 11 6 77
605 5 2 48
606 12 8 25
607 8 11 150
608 10 12 146
609 4 7 91
610 10 6 142
611 6 13 133
612 5 8 53
613 3 13 101
614 11 13 137
615 11 7 133
616 4 14 137
617 5 12 30
618 11 14 54
619 13 8 104
620 14 10 100
621 12 9 146
622 8 12 92
623 8 5 60
624 8 6 116
625 6 10 57
626 3 1 23
627 8 5 35
628 4 14 142
629 2 13 80
630 6 10 33
631 11 9 25
632 12 13 135
633 9 8 86
634 8 1 123
635 5 6 118
636 1 14 147
637 3 11 46
638 3 14 134
639 10 11 129
640 5 10 101
641 11 2 144
642 12 2 49
643 9 7 32
644 2 14 39
645 9 4 119
646 14 3 150
647 10 3 87
648 7 9 46
649 12 3 84
650 7 5 24
651 12 9 107
652 7 9 80
653 4 11 70
654 3 6 70
655 2 11 102
656 5 8 119
657 8 2 31
658 11 5 74
659 1 6 141
660 12 2 126
661 9 7 140
662 3 4 35
663 14 10 44
664 5 2 81
665 2 7 75
666 3 14 43
667 13 6 34
668 6 13 81
669 12 4 121
670 7 1 25
671 11 8 129
672 13 8 68
673 8 2 56
674 2 7 78
675 4 6 123
676 8 5 28
677 4 7 80
678 9 7 61
679 2 9 89
680 4 8 117
681 8 1 51
682 12 3 22
683 5 13 51
684 7 2 74
685 4 11 27
686 2 13 82
687 1 6 107
688 8 4 130
689 6 12 30
690 13 10 57
691 4 1 147
692 5 8 91
693 9 11 119
694 6 12 106
695 13 14 82
696 3 9 46
697 3 1 21
698 14 11 140
699 11 2 137
700 4 12 26
701 7 9 35
702 12 3 30
703 6 5 121
704 4 7 47
705 12 3 111
706 12 5 61
707 7 2 42
708 9 4 76
709 7 8 39
710 5 4 107
711 9 7 80
712 6 4 134
713 8 2 108
714 9 8 133
715 14 13 24
716 8 9 149
717 12 1 53
718 13 6 103
719 11 5 27
720 12 1 75
721 8 14 70
722 1 11 61
723 8 12 65
724 6 4 49
725 3 7 80
726 2 8 88
727 6 2 40
728 7 12 118
729 10 1 113
730 4 7 52
731 2 4 99
732 13 6 116
733 4 13 144
734 10 3 20
735 7 4 130
736 5 1 144
737 2 4 42
738 7 4 51
739 10 6 110
740 4 9 110
741 2 11 94
742 7 5 113
743 11 7 139
744 4 6 47
745 6 11 108
746 8 6 144
747 12 6 61
748 9 3 111
749 5 8 108
750 4 5 116
751 5 12 57
752 4 12 46
753 9 2 130
754 12 11 31
755 5 14 120
756 8 2 96
757 9 2 118
758 6 14 42
759 12 3 123
760 1 2 78
761 5 7 99
762 7 11 70
763 6 3 147
764 1 10 69
765 13 1 102
766 9 13 45
767 13 3 46
768 8 12 64
769 2 8 34
770 9 7 36
771 10 2 84
772 13 9 115
773 12 10 72
774 3 14 24
775 14 1 42
776 12 14 61
777 1 11 94
778 4 13 149
779 6 12 73
780 13 3 97
781 5 2 91
782 14 2 110
783 14 7 143
784 6 3 50
785 11 10 69
786 14 11 59
787 9 6 83
788 6 5 125
789 4 6 98
790 5 12 86
791 1 2 31
792 10 8 89
793 8 10 131
794 7 3 75
795 13 6 39
796 7 9 103
797 10 2 74
798 8 10 95
799 10 2 117
800 6 3 49
801 7 14 32
802 7 9 85
803 1 13 123
804 13 10 23
805 14 10 136
806 10 12 117
807 9 7 148
808 8 6 55
809 2 13 130
810 6 5 74
811 11 9 149
812 3 10 73
813 11 3 124
814 5 11 136
815 14 3 106
816 8 13 53
817 5 12 56
818 7 10 147
819 14 9 145
820 5 13 150
821 9 3 134
822 5 8 131
823 7 5 117
824 3 4 134
825 9 12 74
826 5 9 79
827 5 2 50
828 5 11 71
829 13 2 102
830 1 5 33
831 14 4 52
832 7 2 26
833 2 1 66
834 9 7 64
835 4 7 26
836 8 2 51
837 14 12 124
838 14 13 149
839 13 10 110
840 4 14 133
841 7 2 141
842 6 13 132
843 12 7 60
844 8 10 23
845 14 6 97
846 7 14 91
847 14 6 64
848 5 3 68
849 1 13 140
850 11 5 124
851 14 11 118
852 3 6 36
853 9 3 99
854 3 5 73
855 2 11 74
856 13 3 127
857 10 6 141
858 5 3 54
859 10 14 98
860 12 5 70
861 4 12 140
862 12 7 30
863 8 5 124
864 13 3 63
865 6 7 45
866 1 5 56
867 1 4 64
868 1 6 67
869 7 9 98
870 10 13 68
871 11 8 24
872 3 9 25
873 5 12 108
874 10 3 41
875 9 1 148
876 14 8 45
877 5 7 65
878 11 7 68
879 2 13 105
880 4 11 39
881 7 14 129
882 3 14 112
883 7 10 136
884 7 5 69
885 12 9 148
886 9 5 31
887 4 1 31
888 1 6 136
889 9 1 43
890 3 11 48
891 14 4 115
892 14 9 115
893 4 3 68
894 3 1 136
895 12 7 129
896 9 5 147
897 10 5 78
898 2 3 143
899 3 2 32
900 10 5 70
901 14 6 122
902 14 8 140
903 2 13 58
904 7 12 36
905 10 8 150
906 1 12 101
907 7 1 117
908 6 2 90
909 10 6 140
910 7 2 45
911 8 14 55
912 12 11 27
913 4 1 109
914 14 4 120
915 1 12 70
916 6 13 96
917 3 14 75
918 14 9 142
919 4 13 120
920 6 14 27
921 7 13 94
922 3 8 47
923 3 13 52
924 11 9 52
925 2 9 90
926 13 9 42
927 14 11 45
928 10 7 144
929 11 5 59
930 14 8 63
931 7 1 25
932 6 9 73
933 2 1 30
934 13 14 40
935 9 2 119
936 11 6 118
937 7 11 139
938 4 5 78
939 11 9 103
940 9 11 88
941 4 3 102
942 10 4 61
943 14 12 20
944 1 10 84
945 1 7 142
946 5 11 61
947 4 14 102
948 6 11 59
949 1 10 50
950 11 4 60
951 7 3 87
952 2 3 51
953 1 14 31
954 12 3 47
955 11 4 110
956 10 2 126
957 6 12 137
958 12 13 39
959 2 8 67
960 10 7 137
961 2 7 62
962 6 14 86
963 3 7 144
964 14 3 32
965 9 6 43
966 8 4 82
967 13 2 84
968 7 10 25
969 12 13 95
970 14 10 136
971 3 13 113
972 9 1 102
973 10 12 114
974 8 9 144
975 11 13 37
976 13 8 122
977 11 5 102
978 6 11 78
979 5 1 87
980 1 2 127
981 13 14 46
982 11 12 40
983 13 9 23
984 5 7 51
985 9 5 110
986 14 7 139
987 9 7 40
988 4 2 43
989 4 12 139
990 7 5 26
991 4 14 128
992 4 7 123
993 2 6 108
994 12 6 78
995 10 13 39
996 5 6 79
997 14 1 37
998 12 11 60
999 6 3 67
1000 3 8 52
1001 14 4 111
1002 10 2 20
1003 12 3 107
1004 7 4 57
1005 4 12 33
1006 10 6 49
1007 8 7 44
1008 13 8 142
1009 11 1 104
1010 6 8 43
1011 7 11 81
1012 13 1 52
1013 1 3 106
1014 14 2 103
1015 5 7 138
1016 2 11 27
1017 2 7 141
1018 9 4 98
1019 8 10 73
1020 14 12 20
1021 5 2 104
1022 6 13 123
1023 8 7 128
1024 14 6 129
1025 5 7 110
1026 10 13 67
1027 13 8 98
1028 3 12 23
1029 5 1 90
1030 7 8 23
1031 4 12 42
1032 7 8 108
1033 7 14 93
1034 8 4 109
1035 2 3 125
1036 11 1 148
1037 10 13 96
1038 8 14 99
1039 13 7 27
1040 11 5 96
1041 14 7 115
1042 9 12 36
1043 3 4 72
1044 9 6 132
1045 7 6 133
1046 3 1 25
1047 14 4 92
1048 12 11 121
1049 13 2 32
1050 2 14 127
1051 7 3 136
1052 1 5 113
1053 10 1 36
1054 4 9 63
1055 6 10 129
1056 2 4 103
1057 14 9 37
1058 8 14 116
1059 4 3 65
1060 8 6 71
1061 3 11 25
1062 5 8 95
1063 14 9 87
1064 3 5 66
1065 9 13 43
1066 11 9 149
1067 9 6 88
1068 4 6 127
1069 1 12 133
1070 14 7 112
1071 2 8 124
1072 3 14 132
1073 13 11 45
1074 14 6 134
1075 2 8 143
1076 13 1 59
1077 13 2 115
1078 8 4 33
1079 5 12 45
1080 1 6 119
1081 3 5 21
1082 13 4 23
1083 13 10 83
1084 6 9 64
1085 7 14 57
1086 9 12 101
1087 14 6 45
1088 3 2 115
1089 3 9 114
1090 12 8 32
1091 6 11 131
1092 3 6 47
1093 5 7 100
1094 10 2 106
1095 4 13 91
1096 1 9 124
1097 9 12 43
1098 9 2 65
1099 2 13 51
1100 6 14 101
1101 5 11 124
1102 3 11 50
1103 9 13 94
1104 12 1 127
1105 13 10 35
1106 10 1 56
1107 8 5 41
1108 11 9 83
1109 11 2 44
1110 1 14 102
1111 2 13 26
1112 9 3 94
1113 5 8 107
1114 14 13 54
1115 7 10 42
1116 1 8 53
1117 7 13 127
1118 10 5 124
1119 10 1 42
1120 13 1 67
1121 2 14 136
1122 12 8 136
1123 11 13 86
1124 14 12 57
1125 5 3 46
1126 6 7 67
1127 9 4 23
1128 4 11 132
1129 9 2 105
1130 9 2 109
1131 2 6 98
1132 4 8 130
1133 7 1 71
1134 12 9 89
1135 8 3 39
1136 5 11 74
1137 10 6 121
1138 3 4 25
1139 11 12 110
1140 14 3 103
1141 4 5 113
1142 14 8 126
1143 6 2 40
1144 4 10 142
1145 8 11 52
1146 13 4 95
1147 14 1 105
1148 11 9 84
1149 9 4 101
1150 14 8 98
1151 14 5 145
1152 6 10 101
1153 2 1 69
1154 5 3 90
1155 8 12 30
1156 6 14 52
1157 9 10 131
1158 8 14 24
1159 2 9 102
1160 12 9 144
1161 12 3 39
1162 6 8 66
1163 4 7 73
1164 12 2 137
1165 10 12 142
1166 9 12 88
1167 7 14 96
1168 9 1 116
1169 5 14 133
1170 3 9 108
1171 10 1 138
1172 2 1 145
1173 3 2 80
1174 14 9 147
1175 12 1 24
1176 10 6 145
1177 12 9 55
1178 5 9 63
1179 8 5 25
1180 8 14 148
1181 11 3 66
1182 14 12 82
1183 3 9 62
1184 9 1 123
1185 4 8 122
1186 5 11 31
1187 13 6 91
1188 12 8 135
1189 13 14 48
1190 2 8 65
1191 6 3 54
1192 4 10 92
1193 5 8 69
1194 7 12 107
1195 12 2 63
1196 14 11 47
1197 7 5 132
1198 12 4 49
1199 10 8 124
1200 14 3 86
1201 1 6 122
1202 13 11 79
1203 3 14 40
1204 6 14 27
1205 4 13 23
1206 8 7 54
1207 7 12 34
1208 12 7 92
1209 13 2 118
1210 14 13 97
1211 2 14 26
1212 6 5 143
1213 3 13 92
1214 3 10 65
1215 13 2 119
1216 10 2 87
1217 4 11 93
1218 14 1 41
1219 11 5 138
1220 6 3 137
1221 13 2 124
1222 2 11 86
1223 10 6 123
1224 10 14 60
1225 7 11 57
1226 2 14 30
1227 12 2 30
1228 2 10 115
1229 4 12 24
1230 11 1 93
1231 13 6 143
1232 6 4 81
1233 7 4 59
1234 3 9 109
1235 9 12 81
1236 10 7 52
1237 12 13 134
1238 5 1 142
1239 10 9 58
1240 11 5 34
1241 9 3 132
1242 4 1 130
1243 1 8 123
1244 4 2 73
1245 8 1 118
1246 1 10 138
1247 13 8 34
1248 14 6 108
1249 4 9 124
1250 2 10 54
1251 5 12 44
1252 7 8 117
1253 8 1 24
1254 2 8 141
1255 11 4 130
1256 13 3 21
1257 11 14 100
1258 8 12 120
1259 4 2 114
1260 2 10 112
1261 6 9 84
1262 14 11 95
1263 2 1 118
1264 10 9 71
1265 5 10 41
1266 13 5 28
1267 9 2 138
1268 13 4 50
1269 3 6 62
1270 14 1 123
1271 7 12 143
1272 7 1 129
1273 13 7 122
1274 4 1 89
1275 4 9 138
1276 6 10 113
1277 9 7 85
1278 11 6 46
1279 12 7 91
1280 3 6 109
1281 14 1 34
1282 9 5 100
1283 1 10 39
1284 8 10 84
1285 10 8 133
1286 2 12 105
1287 2 7 97
1288 11 8 40
1289 11 3 42
1290 6 1 131
1291 13 7 87
1292 12 13 81
1293 2 14 31
1294 10 1 86
1295 12 13 41
1296 11 5 37
1297 4 1 111
1298 8 12 27
1299 14 11 95
1300 14 3 146
1301 1 2 54
1302 3 12 21
1303 10 12 117
1304 5 8 35
1305 3 11 39
1306 4 1 132
1307 9 3 83
1308 2 4 95
1309 14 13 133
1310 7 12 138
1311 12 13 28
1312 1 12 73
1313 7 3 109
1314 4 10 126
1315 5 12 82
1316 7 1 138
1317 4 12 65
1318 14 10 61
1319 5 12 137
1320 1 14 95
1321 5 10 117
1322 12 6 51
1323 2 8 84
1324 10 12 51
1325 4 2 110
1326 13 4 97
1327 13 6 40
1328 4 10 30
1329 6 14 100
1330 5 1 104
1331 11 7 149
1332 11 10 80
1333 2 13 36
1334 7 8 54
1335 2 4 81
1336 10 13 135
1337 10 5 148
1338 8 13 100
1339 2 8 51
1340 1 9 88
1341 4 14 69
1342 9 7 54
1343 12 14 64
1344 13 5 91
1345 4 9 51
1346 6 13 54
1347 3 6 74
1348 1 2 77
1349 3 10 97
1350 13 3 69
1351 10 5 46
1352 7 4 76
1353 4 1 47
1354 2 14 104
1355 11 5 119
1356 9 10 36
1357 12 2 34
1358 6 11 112
1359 13 2 27
1360 10 4 50
1361 10 5 132
1362 13 4 139
1363 3 1 77
1364 1 14 113
1365 2 14 106
1366 7 3 24
1367 8 2 134
1368 10 12 146
1369 5 2 82
1370 1 10 114
1371 13 14 61
1372 5 14 141
1373 1 3 95
1374 7 12 107
1375 7 8 119
1376 3 8 122
1377 8 11 113
1378 1 2 82
1379 2 9 123
1380 2 10 134
1381 11 9 114
1382 10 6 53
1383 10 12 39
1384 13 8 74
1385 4 10 123
1386 9 4 41
1387 4 13 42
1388 11 7 135
1389 11 10 107
1390 5 10 64
1391 6 8 129
1392 11 10 133
1393 3 6 79
1394 4 14 106
1395 2 14 107
1396 13 1 132
1397 2 13 117
1398 6 8 27
1399 7 4 34
1400 7 8 72
1401 8 4 135
1402 12 3 101
1403 6 7 48
1404 14 11 91
1405 1 2 72
1406 7 11 49
1407 4 2 43
1408 4 8 73
1409 8 7 106
1410 12 8 84
1411 8 2 28
1412 7 5 76
1413 12 2 102
1414 11 9 52
1415 14 4 80
1416 4 2 120
1417 14 10 82
1418 4 6 81
1419 7 2 87
1420 5 9 29
1421 11 9 127
1422 8 3 116
1423 13 14 76
1424 7 3 128
1425 3 9 24
1426 1 11 99
1427 12 10 105
1428 14 3 78
1429 7 2 81
1430 12 9 92
1431 6 14 72
1432 9 4 86
1433 5 11 20
1434 3 9 96
1435 5 11 126
1436 5 12 81
1437 11 1 117
1438 6 4 35
1439 9 14 97
1440 3 6 83
1441 14 12 43
1442 14 4 137
1443 7 6 62
1444 3 13 47
1445 11 9 117
1446 12 1 71
1447 8 12 100
1448 3 7 132
1449 14 1 99
1450 10 1 63
1451 11 8 116
1452 14 8 143
1453 5 2 37
1454 8 10 54
1455 1 5 79
1456 9 12 91
1457 6 8 38
1458 5 3 139
1459 9 14 42
1460 10 14 52
1461 9 2 144
1462 10 5 30
1463 14 9 96
1464 8 5 114
1465 1 11 20
1466 13 4 22
1467 12 10 127
1468 11 10 34
1469 8 9 45
1470 2 13 145
1471 13 11 31
1472 14 7 49
1473 11 6 150
1474 11 13 49
1475 7 1 103
1476 2 9 106
1477 2 12 53
1478 12 14 130
1479 8 6 63
1480 13 3 82
1481 9 10 136
1482 4 11 87
1483 13 3 59
1484 9 3 73
1485 6 14 114
1486 2 7 29
1487 14 10 94
1488 2 4 50
1489 11 4 39
1490 5 10 51
1491 1 5 106
1492 6 1 133
1493 6 11 49
1494 10 7 105
1495 2 1 82
1496 11 13 125
1497 3 1 61
1498 4 2 27
1499 8 4 64
1500 13 1 145
1501 3 12 26
1502 10 13 149
1503 6 10 58
1504 1 11 55
1505 13 9 32
1506 1 10 135
1507 2 4 131
1508 14 4 27
1509 1 3 88
1510 2 9 33
1511 3 1 66
1512 14 1 93
1513 7 10 24
1514 2 5 81
1515 6 9 38
1516 1 13 83
1517 7 11 138
1518 2 1 91
1519 8 4 34
1520 3 5 44
1521 4 9 88
1522 6 13 89
1523 3 9 100
1524 6 8 88
1525 10 6 147
1526 5 2 51
1527 9 14 119
1528 1 13 76
1529 14 9 71
1530 7 2 146
1531 8 11 110
1532 3 14 74
1533 9 5 72
1534 7 13 23
1535 13 7 26
1536 12 1 64
1537 4 3 88
1538 11 1 131
1539 11 14 74
1540 3 14 146
1541 8 10 141
1542 3 10 76
1543 1 3 47
1544 2 6 46
1545 5 3 52
1546 4 11 138
1547 4 5 129
1548 2 10 137
1549 6 1 43
1550 12 14 29
1551 6 4 129
1552 1 2 60
1553 3 8 143
1554 6 10 54
1555 7 1 34
1556 8 1 29
1557 13 10 86
1558 10 8 36
1559 4 12 150
1560 2 7 39
1561 3 14 138
1562 6 3 111
1563 12 3 26
1564 3 12 70
1565 14 4 82
1566 10 4 94
1567 1 2 137
1568 5 4 47
1569 12 5 133
1570 13 6 50
1571 11 6 134
1572 10 3 74
1573 9 11 119
1574 5 2 53
1575 4 6 80
1576 1 9 26
1577 13 7 89
1578 4 12 44
1579 10 7 68
1580 8 12 79
1581 13 4 64
1582 5 6 108
1583 12 10 34
1584 9 11 42
1585 12 1 125
1586 11 13 72
1587 6 9 122
1588 5 9 74
1589 6 11 113
1590 13 3 86
1591 3 14 23
1592 10 7 141
1593 1 12 72
1594 1 13 140
1595 13 14 34
1596 13 11 30
1597 13 7 117
1598 6 7 84
1599 10 2 26
1600 4 10 126
1601 6 5 27
1602 7 2 36
1603 4 8 88
1604 6 13 119
1605 1 5 101
1606 10 14 73
1607 4 2 47
1608 12 14 117
1609 9 13 118
1610 10 13 43
1611 6 4 115
1612 3 10 52
1613 5 10 84
1614 1 3 20
1615 13 11 72
1616 2 14 76
1617 4 5 35
1618 12 9 102
1619 6 9 76
1620 14 11 34
1621 11 8 150
1622 12 6 45
1623 9 4 93
1624 3 6 50
1625 2 7 104
1626 2 3 143
1627 9 14 48
1628 14 13 147
1629 2 1 36
1630 9 14 109
1631 4 11 22
1632 14 2 77
1633 3 2 74
1634 5 10 148
1635 8 7 77
1636 8 7 56
1637 10 12 38
1638 2 14 60
1639 13 6 60
1640 10 14 34
1641 14 7 106
1642 7 5 39
1643 9 1 74
1644 6 7 82
1645 14 11 140
1646 14 8 67
1647 1 4 22
1648 5 10 32
1649 3 8 42
1650 5 6 125
1651 10 14 33
1652 5 4 32
1653 14 7 39
1654 14 11 88
1655 2 11 109
1656 13 1 132
1657 7 12 32
1658 13 10 48
1659 14 2 41
1660 9 8 37
1661 4 7 71
1662 5 9 118
1663 4 11 132
1664 11 10 89
1665 5 10 46
1666 4 14 124
1667 12 2 48
1668 2 4 62
1669 8 13 84
1670 1 12 82
1671 12 4 36
1672 3 4 114
1673 10 2 96
1674 8 6 133
1675 2 9 139
1676 9 6 116
1677 1 4 91
1678 13 5 68
1679 5 14 80
1680 3 1 86
1681 10 6 110
1682 2 8 55
1683 3 14 99
1684 10 11 47
1685 8 11 74
1686 10 6 79
1687 6 3 123
1688 4 5 90
1689 14 10 132
1690 11 9 70
1691 4 10 127
1692 10 7 26
1693 2 6 71
1694 12 6 72
1695 5 4 95
1696 12 8 29
1697 6 7 74
1698 5 10 120
1699 6 5 62
1700 7 9 134
1701 13 1 91
1702 6 5 70
1703 8 13 89
1704 8 3 127
1705 4 9 48
1706 8 7 79
1707 13 7 31
1708 5 1 122
1709 11 4 57
1710 14 9 113
1711 4 1 20
1712 13 3 144
1713 3 13 145
1714 7 9 123
1715 5 7 21
1716 1 9 39
1717 12 7 120
1718 6 7 120
1719 3 8 124
1720 12 6 71
1721 13 5 131
1722 8 4 35
1723 2 7 65
1724 14 12 25
1725 3 6 48
1726 1 7 95
1727 1 10 45
1728 11 13 117
1729 10 7 65
1730 8 5 139
1731 3 12 107
1732 2 14 103
1733 9 14 147
1734 6 9 65
1735 9 11 20
1736 6 1 48
1737 11 12 115
1738 3 2 79
1739 10 9 141
1740 2 14 89
1741 12 10 55
1742 11 12 136
1743 14 9 74
1744 6 11 65
1745 5 14 111
1746 1 9 104
1747 3 10 138
1748 5 6 83
1749 4 13 26
1750 4 1 34
1751 3 8 41
1752 8 1 70
1753 9 2 61
1754 5 13 128
1755 7 14 134
1756 1 2 112
1757 9 3 131
1758 1 5 135
1759 7 3 33
1760 13 3 80
1761 6 3 79
1762 10 4 20
1763 1 2 72
1764 6 11 70
1765 13 5 37
1766 10 4 71
1767 7 1 120
1768 8 11 72
1769 7 14 113
1770 4 6 150
1771 10 12 66
1772 2 1 37
1773 14 12 29
1774 10 13 56
1775 5 11 63
1776 10 14 41
1777 5 1 75
1778 5 6 70
1779 3 8 146
1780 13 1 31
1781 5 3 88
1782 14 12 57
1783 12 11 56
1784 13 11 63
1785 6 11 93
1786 2 3 99
1787 3 10 50
1788 9 12 58
1789 10 1 125
1790 8 7 46
1791 2 12 46
1792 3 5 89
1793 7 1 66
1794 6 5 43
1795 12 13 60
1796 13 5 55
1797 10 4 44
1798 10 11 133
1799 14 8 121
1800 2 1 128
1801 11 1 28
1802 13 7 30
1803 9 13 78
1804 4 6 93
1805 9 14 105
1806 1 6 59
1807 4 11 86
1808 12 4 71
1809 3 14 140
1810 4 10 122
1811 10 11 24
1812 14 1 128
1813 10 4 110
1814 3 12 21
1815 5 2 58
1816 7 3 24
1817 8 11 57
1818 2 7 137
1819 13 9 33
1820 11 3 128
1821 7 13 78
1822 14 4 29
1823 2 13 47
1824 8 5 147
1825 9 7 115
1826 5 13 104
1827 14 13 52
1828 1 7 109
1829 9 8 91
1830 3 10 99
1831 6 7 86
1832 7 11 93
1833 6 11 76
1834 6 8 137
1835 1 11 113
1836 14 2 76
1837 8 2 137
1838 5 1 124
1839 14 6 37
1840 8 6 56
1841 7 8 134
1842 6 11 51
1843 1 7 134
1844 4 6 34
1845 13 1 61
1846 9 2 45
1847 11 5 44
1848 5 3 71
1849 9 10 141
1850 3 13 22
1851 5 14 118
1852 4 9 112
1853 5 7 143
1854 6 10 37
1855 7 2 127
1856 7 14 22
1857 7 6 33
1858 8 12 86
1859 10 9 21
1860 12 8 35
1861 13 12 83
1862 10 3 106
1863 1 4 48
1864 11 14 40
1865 8 11 131
1866 9 12 29
1867 1 2 56
1868 11 13 70
1869 7 4 117
1870 7 8 40
1871 5 6 123
1872 5 6 53
1873 5 9 25
1874 5 4 53
1875 13 4 112
1876 1 9 108
1877 2 13 130
1878 5 11 93
1879 6 10 146
1880 7 1 142
1881 1 8 118
1882 12 2 31
1883 6 1 130
1884 7 2 84
1885 9 13 34
1886 8 9 100
1887 3 1 127
1888 10 2 99
1889 3 1 36
1890 4 13 132
1891 6 8 66
1892 7 5 136
1893 6 3 114
1894 9 4 56
1895 8 10 117
1896 12 7 90
1897 7 4 23
1898 1 3 28
1899 2 10 112
1900 11 8 83
1901 14 3 107
1902 4 13 59
1903 10 8 87
1904 1 10 47
1905 14 8 25
1906 4 13 66
1907 9 5 73
1908 4 6 122
1909 7 8 124
1910 9 11 23
1911 7 5 70
1912 8 12 50
1913 10 13 120
1914 1 12 94
1915 6 11 86
1916 12 3 142
1917 6 14 27
1918 14 3 110
1919 4 3 33
1920 10 3 33
1921 4 9 100
1922 10 5 138
1923 8 14 111
1924 2 7 137
1925 11 14 48
1926 8 7 97
1927 4 8 80
1928 1 9 90
1929 5 13 39
1930 12 8 34
1931 11 8 80
1932 12 1 101
1933 8 5 70
1934 2 5 34
1935 10 11 94
1936 10 1 110
1937 9 6 150
1938 11 12 70
1939 2 12 91
1940 13 8 73
1941 5 10 130
1942 13 4 43
1943 8 4 69
1944 13 1 110
1945 1 7 135
1946 4 2 55
1947 7 11 21
1948 5 3 54
1949 6 1 136
1950 7 14 111
1951 1 9 60
1952 2 13 86
1953 10 8 42
1954 13 11 32
1955 1 9 136
1956 3 5 53
1957 12 6 28
1958 2 7 63
1959 2 5 137
1960 8 3 23
1961 2 7 130
1962 1 2 123
1963 8 4 25
1964 2 6 58
1965 12 7 39
1966 3 14 33
1967 8 13 76
1968 12 13 107
1969 9 5 100
1970 4 6 34
1971 10 6 122
1972 1 13 143
1973 6 10 140
1974 12 10 68
1975 7 10 28
1976 1 12 107
1977 11 13 56
1978 9 13 115
1979 13 4 77
1980 1 6 25
1981 5 10 101
1982 12 9 55
1983 14 6 84
1984 1 12 21
1985 8 14 85
1986 4 14 40
1987 14 11 119
1988 4 11 120
1989 3 5 91
1990 2 7 46
1991 5 3 147
1992 13 14 119
1993 6 8 130
1994 10 4 55
1995 9 7 55
1996 11 7 95
1997 10 14 104
1998 11 5 77
1999 6 11 68
2000 14 2 26
2001 12 3 135
2002 6 14 66
2003 12 8 124
2004 5 11 148
2005 7 8 31
2006 7 9 135
2007 8 11 115
2008 9 7 27
2009 12 4 68
2010 8 7 48
2011 1 5 49
2012 13 1 119
2013 9 8 143
2014 11 3 27
2015 2 10 117
2016 9 10 85
2017 10 4 87
2018 7 1 77
2019 10 2 140
2020 3 2 122
2021 10 6 108
2022 5 6 74
2023 9 1 122
2024 5 8 120
2025 8 6 53
2026 13 6 60
2027 2 8 89
2028 12 14 22
2029 5 4 108
2030 10 5 75
2031 2 7 77
2032 7 10 22
2033 12 5 51
2034 11 2 98
2035 7 14 125
2036 5 3 124
2037 10 1 89
2038 12 8 57
2039 1 9 120
2040 6 4 60
2041 9 10 92
2042 7 2 75
2043 4 10 125
2044 8 1 137
2045 2 9 135
2046 11 6 107
2047 3 11 130
2048 4 2 121
2049 6 9 87
2050 6 2 41
2051 13 12 88
2052 2 6 112
2053 13 12 122
2054 4 6 102
2055 5 1 30
2056 8 5 65
2057 1 12 108
2058 5 7 87
2059 10 7 120
2060 14 5 144
2061 3 8 98
2062 14 1 100
2063 8 6 145
2064 10 13 146
2065 5 13 131
2066 8 2 120
2067 1 4 103
2068 7 10 130
2069 9 1 73
2070 3 14 123
2071 12 9 89
2072 10 2 97
2073 9 12 52
2074 6 1 20
2075 2 13 58
2076 10 9 35
2077 6 11 138
2078 4 14 109
2079 14 6 51
2080 12 3 37
2081 6 5 146
2082 6 2 82
2083 11 13 74
2084 2 7 97
2085 10 1 128
2086 5 9 23
2087 14 2 64
2088 3 12 137
2089 4 2 90
2090 11 8 33
2091 10 6 146
2092 8 12 131
2093 11 14 60
2094 2 7 35
2095 6 2 25
2096 4 2 130
2097 9 2 55
2098 5 14 150
2099 12 9 62
2100 3 1 132
2101 9 10 42
2102 1 9 21
2103 10 9 141
2104 13 6 26
2105 5 6 102
2106 9 11 103
2107 6 1 35
2108 10 3 48
2109 9 7 89
2110 7 13 37
2111 12 2 114
2112 5 14 58
2113 9 2 27
2114 4 11 112
2115 5 14 87
2116 5 1 105
2117 8 6 52
2118 13 4 86
2119 4 14 113
2120 8 5 136
2121 14 6 55
2122 1 6 131
2123 5 2 45
2124 4 12 149
2125 4 9 71
2126 3 7 109
2127 2 1 112
2128 11 5 85
2129 4 12 87
2130 12 4 107
2131 7 12 116
2132 6 8 150
2133 8 2 36
2134 12 9 141
2135 13 5 57
2136 7 8 39
2137 4 7 47
2138 1 9 78
2139 3 6 65
2140 5 7 102
2141 4 8 143
2142 7 9 69
2143 5 12 116
2144 6 14 83
2145 12 7 45
2146 13 4 140
2147 9 2 47
2148 10 3 76
2149 12 6 150
2150 6 10 107
2151 12 10 31
2152 6 12 105
2153 12 14 110
2154 8 3 36
2155 13 7 64
2156 8 14 144
2157 10 8 44
2158 9 8 131
2159 12 9 107
2160 14 10 30
2161 8 13 123
2162 8 3 88
2163 3 5 78
2164 7 6 122
2165 14 8 34
2166 14 11 138
2167 2 5 20
2168 12 3 29
2169 8 5 131
2170 9 13 93
2171 6 2 46
2172 8 11 46
2173 14 11 39
2174 2 11 29
2175 3 1 70
2176 1 4 65
2177 10 11 103
2178 8 5 42
2179 14 3 34
2180 8 12 50
2181 11 8 145
2182 14 12 139
2183 8 9 114
2184 2 14 49
2185 1 9 59
2186 11 8 53
2187 6 3 55
2188 11 1 33
2189 10 13 31
2190 14 1 147
2191 4 2 138
2192 8 5 87
2193 12 3 41
2194 13 10 59
2195 1 4 86
2196 7 8 146
2197 5 10 109
2198 14 7 61
2199 5 9 144
2200 5 7 43
2201 13 6 31
2202 1 2 79
2203 9 4 102
2204 5 1 23
2205 10 4 147
2206 13 9 122
2207 6 9 37
2208 2 10 31
2209 12 4 96
2210 11 1 82
2211 11 6 148
2212 13 2 39
2213 5 14 50
2214 8 5 113
2215 7 1 83
2216 10 1 98
2217 13 12 80
2218 8 4 147
2219 3 14 63
2220 2 14 66
2221 6 4 90
2222 1 10 99
2223 9 2 107
2224 8 9 27
2225 6 7 21
2226 4 9 126
2227 13 4 65
2228 12 13 140
2229 9 7 135
2230 9 5 91
2231 8 7 103
2232 12 6 97
2233 5 6 53
2234 10 8 97
2235 10 2 114
2236 9 14 67
2237 1 5 111
2238 1 3 136
2239 8 12 56
2240 2 13 136
2241 8 4 106
2242 1 10 35
2243 13 7 129
2244 2 3 141
2245 9 1 21
2246 11 6 48
2247 13 5 89
2248 9 13 69
2249 13 1 116
2250 1 5 108
2251 6 11 149
2252 11 7 127
2253 3 14 62
2254 6 10 65
2255 1 12 78
2256 1 13 111
2257 13 11 149
2258 13 8 39
2259 5 13 53
2260 4 11 101
2261 2 12 150
2262 5 6 83
2263 11 13 47
2264 5 11 67
2265 4 7 142
2266 4 5 30
2267 9 2 85
2268 6 9 32
2269 10 13 99
2270 14 6 107
2271 8 6 67
2272 12 4 77
2273 9 2 102
2274 3 6 25
2275 3 6 134
2276 12 4 86
2277 10 7 25
2278 7 4 107
2279 1 5 23
2280 11 4 45
2281 8 11 35
2282 1 7 97
2283 1 7 80
2284 12 14 28
2285 6 8 119
2286 4 8 25
2287 9 7 133
2288 14 10 129
2289 7 1 27
2290 6 2 124
2291 9 10 46
2292 2 12 129
2293 1 8 135
2294 12 1 123
2295 14 2 66
2296 11 9 73
2297 7 6 138
2298 2 5 129
2299 1 7 111
2300 14 12 103
2301 6 3 105
2302 13 12 22
2303 8 7 62
2304 7 13 27
2305 3 4 141
2306 11 2 88
2307 4 11 75
2308 4 5 52
2309 4 7 46
2310 11 12 58
2311 12 7 130
2312 11 3 64
2313 1 10 37
2314 6 10 129
2315 12 5 32
2316 12 5 144
2317 12 10 79
2318 12 8 91
2319 6 1 138
2320 11 5 148
2321 4 10 74
2322 9 5 90
2323 3 8 127
2324 13 10 102
2325 3 10 67
2326 2 9 131
2327 12 6 71
2328 10 6 140
2329 6 12 84
2330 3 13 98
2331 4 2 83
2332 7 12 113
2333 13 9 88
2334 12 4 86
2335 13 3 136
2336 13 12 57
2337 9 3 27
2338 10 13 73
2339 3 8 110
2340 1 4 55
2341 1 6 40
2342 4 5 119
2343 1 8 105
2344 6 1 52
2345 13 11 51
2346 2 5 118
2347 13 4 23
2348 11 1 65
2349 2 11 47
2350 5 8 61
2351 12 5 80
2352 8 14 98
2353 6 13 58
2354 7 6 45
2355 12 6 81
2356 2 12 129
2357 4 5 113
2358 10 4 100
2359 9 10 118
2360 11 5 85
2361 6 10 123
2362 14 3 30
2363 9 10 150
2364 6 5 107
2365 8 4 97
2366 9 1 120
2367 13 5 140
2368 4 1 147
2369 2 8 60
2370 2 3 103
2371 7 5 81
2372 12 2 61
2373 3 11 108
2374 6 10 35
2375 7 10 140
2376 5 7 118
2377 12 4 130
2378 5 1 85
2379 12 13 140
2380 13 3 71
2381 8 11 110
2382 13 14 36
2383 6 11 144
2384 12 1 89
2385 6 7 109
2386 13 5 131
2387 11 14 90
2388 2 3 104
2389 4 10 129
2390 3 7 133
2391 5 9 75
2392 10 5 124
2393 3 13 150
2394 12 6 78
2395 10 7 80
2396 12 2 117
2397 7 4 62
2398 9 8 130
2399 9 13 26
2400 12 9 141
2401 7 12 116
2402 3 9 85
2403 3 6 138
2404 13 5 24
2405 5 1 29
2406 10 8 29
2407 6 7 70
2408 7 1 65
2409 10 7 127
2410 10 2 150
2411 3 9 69
2412 2 14 64
2413 10 8 100
2414 3 13 126
2415 4 6 74
2416 13 12 70
2417 2 14 98
2418 8 12 54
2419 6 14 73
2420 11 4 95
2421 1 10 51
2422 1 14 115
2423 1 3 105
2424 4 10 135
2425 12 2 115
2426 9 12 78
2427 1 3 65
2428 2 7 121
2429 6 4 94
2430 6 2 79
2431 9 8 75
2432 11 10 51
2433 1 12 111
2434 1 13 81
2435 5 6 39
2436 2 13 73
2437 4 3 129
2438 2 10 141
2439 7 6 92
2440 1 5 115
2441 12 10 50
2442 8 1 51
2443 3 9 50
2444 2 11 60
2445 5 13 65
2446 6 10 24
2447 2 5 83
2448 9 10 110
2449 9 3 138
2450 14 6 71
2451 10 8 139
2452 14 8 34
2453 2 7 68
2454 8 1 117
2455 12 11 46
2456 8 10 20
2457 13 4 73
2458 13 8 38
2459 11 2 127
2460 6 5 131
2461 1 14 24
2462 10 8 89
2463 1 2 81
2464 13 2 99
2465 4 8 124
2466 8 6 76
2467 4 3 39
2468 3 2 78
2469 11 1 134
2470 14 13 56
2471 13 14 49
2472 13 9 43
2473 8 4 50
2474 12 3 89
2475 6 10 72
2476 10 2 84
2477 3 9 146
2478 7 5 113
2479 14 8 129
2480 11 2 24
2481 3 8 139
2482 3 11 81
2483 11 14 74
2484 14 10 75
2485 2 11 36
2486 6 1 150
2487 11 6 39
2488 8 4 119
2489 9 5 80
2490 14 7 24
2491 9 8 136
2492 7 4 52
2493 6 13 144
2494 9 2 139
2495 7 3 73
2496 14 10 138
2497 14 7 48
2498 6 7 127
2499 2 8 24
2500 4 2 67
2501 14 7 70
2502 12 1 146
2503 7 3 74
2504 12 10 109
2505 4 11 139
2506 12 11 138
2507 13 1 76
2508 1 8 62
2509 11 13 140
2510 4 10 84
2511 3 1 45
2512 8 9 98
2513 6 11 73
2514 12 13 148
2515 13 5 29
2516 12 7 128
2517 11 7 22
2518 10 1 85
2519 10 3 92
2520 8 10 68
2521 6 9 41
2522 3 8 94
2523 5 1 104
2524 10 8 128
2525 9 2 30
2526 4 3 139
2527 14 6 122
2528 12 4 66
2529 1 6 120
2530 7 11 20
2531 8 1 61
2532 12 1 148
2533 2 1 52
2534 6 1 82
2535 11 12 49
2536 12 13 25
2537 7 13 126
2538 7 10 97
2539 12 13 97
2540 12 7 61
2541 4 7 40
2542 14 1 37
2543 12 1 149
2544 11 4 138
2545 3 8 150
2546 6 4 93
2547 9 7 82
2548 11 6 117
2549 1 11 129
2550 14 5 123
2551 6 7 33
2552 12 7 82
2553 1 6 99
2554 8 3 125
2555 2 12 77
2556 8 13 64
2557 1 10 61
2558 5 9 113
2559 7 5 26
2560 7 3 108
2561 2 9 56
2562 6 1 112
2563 4 12 57
2564 14 9 100
2565 10 11 57
2566 14 13 93
2567 13 1 79
2568 11 13 92
2569 1 2 67
2570 11 1 26
2571 13 6 127
2572 12 14 116
2573 4 14 112
2574 12 4 150
2575 4 7 27
2576 8 13 24
2577 2 5 126
2578 12 9 58
2579 3 9 28
2580 9 12 30
2581 9 12 58
2582 7 10 51
2583 9 14 150
2584 4 3 74
2585 10 3 84
2586 11 5 32
2587 6 3 35
2588 8 7 23
2589 5 10 108
2590 13 14 52
2591 12 13 36
2592 4 11 76
2593 4 8 53
2594 1 8 114
2595 4 1 101
2596 5 10 54
2597 10 7 122
2598 8 11 84
2599 6 9 94
2600 1 13 44
2601 3 12 81
2602 14 12 105
2603 14 1 37
2604 4 7 47
2605 5 13 147
2606 11 12 118
2607 14 3 55
2608 14 4 48
2609 8 7 118
2610 5 8 110
2611 14 1 116
2612 3 12 96
2613 2 8 73
2614 8 10 57
2615 9 2 22
2616 14 3 44
2617 6 10 126
2618 14 10 77
2619 1 14 53
2620 4 10 70
2621 4 2 28
2622 3 5 21
2623 4 10 33
2624 5 13 150
2625 9 5 135
2626 1 10 24
2627 5 6 138
2628 2 14 31
2629 9 4 32
2630 9 10 120
2631 1 7 98
2632 5 10 72
2633 5 1 146
2634 12 11 37
2635 2 3 47
2636 8 11 132
2637 13 11 147
2638 7 2 71
2639 14 7 115
2640 6 14 105
2641 1 13 148
2642 9 11 103
2643 11 3 119
2644 11 3 70
2645 2 3 68
2646 5 11 74
2647 13 10 29
2648 11 8 57
2649 14 6 24
2650 8 14 109
2651 14 2 147
2652 11 10 130
2653 12 9 63
2654 9 14 68
2655 4 9 22
2656 10 4 84
2657 3 10 58
2658 3 14 146
2659 3 1 43
2660 4 11 143
2661 8 7 124
2662 14 1 104
2663 4 6 124
2664 13 5 78
2665 7 1 51
2666 9 5 75
2667 4 12 39
2668 10 6 21
2669 11 14 97
2670 9 10 130
2671 3 7 95
2672 11 4 111
2673 9 6 103
2674 9 4 42
2675 12 14 29
2676 1 11 144
2677 3 10 133
2678 1 12 68
2679 12 9 106
2680 12 14 24
2681 5 11 87
2682 1 7 135
2683 12 2 123
2684 9 12 41
2685 10 5 140
2686 10 4 75
2687 2 3 107
2688 9 6 41
2689 4 10 130
2690 10 3 67
2691 12 10 78
2692 14 1 36
2693 3 2 129
2694 10 9 50
2695 1 14 140
2696 7 4 59
2697 2 1 149
2698 13 14 113
2699 13 9 33
2700 14 1 136
2701 5 9 147
2702 5 7 132
2703 6 14 89
2704 11 7 87
2705 11 8 104
2706 7 6 60
2707 12 7 116
2708 7 2 69
2709 12 6 90
2710 7 3 84
2711 9 2 96
2712 14 2 68
2713 10 12 129
2714 7 9 29
2715 13 6 82
2716 8 11 115
2717 2 7 25
2718 1 10 52
2719 8 1 150
2720 14 8 131
2721 7 2 69
2722 10 7 65
2723 9 12 61
2724 14 13 50
2725 9 8 46
2726 2 8 57
2727 10 11 27
2728 9 8 147
2729 11 4 150
2730 4 9 52
2731 5 11 96
2732 12 11 145
2733 7 14 44
2734 13 12 90
2735 10 11 148
2736 7 9 89
2737 7 12 39
2738 4 13 97
2739 10 5 94
2740 10 8 113
2741 2 8 55
2742 10 1 49
2743 14 5 35
2744 8 10 37
2745 12 4 147
2746 13 1 89
2747 13 9 37
2748 13 14 73
2749 7 11 76
2750 4 9 98
2751 11 13 124
2752 12 2 144
2753 6 14 67
2754 8 14 35
2755 13 14 74
2756 14 8 30
2757 14 3 67
2758 2 4 82
2759 5 3 140
2760 4 3 71
2761 11 10 106
2762 11 8 89
2763 5 7 23
2764 1 4 49
2765 12 11 32
2766 9 7 149
2767 11 4 104
2768 14 1 79
2769 1 3 96
2770 4 8 146
2771 12 6 118
2772 2 4 22
2773 2 1 70
2774 6 13 26
2775 7 8 25
2776 7 11 142
2777 5 14 108
2778 8 2 55
2779 1 7 36
2780 3 9 93
2781 1 7 30
2782 11 13 22
2783 6 8 68
2784 7 11 117
2785 3 9 146
2786 7 2 113
2787 2 3 59
2788 10 7 99
2789 1 9 55
2790 14 2 87
2791 13 8 146
2792 10 5 117
2793 6 13 119
2794 12 14 87
2795 3 9 111
2796 5 12 133
2797 1 13 120
2798 9 2 35
2799 2 4 136
2800 4 2 103
2801 9 10 55
2802 6 3 41
2803 1 3 55
2804 3 10 132
2805 9 7 129
2806 1 14 130
2807 3 1 108
2808 12 11 138
2809 12 14 144
2810 11 13 130
2811 14 10 21
2812 4 11 33
2813 5 3 99
2814 13 10 40
2815 12 13 43
2816 4 11 99
2817 11 14 102
2818 5 2 79
2819 11 12 131
2820 11 10 128
2821 13 5 73
2822 12 2 57
2823 13 8 88
2824 6 4 77
2825 10 12 131
2826 3 1 101
2827 13 2 96
2828 9 13 109
2829 10 5 35
2830 4 5 24
2831 3 1 61
2832 12 5 104
2833 7 6 56
2834 6 10 110
2835 9 12 115
2836 3 5 80
2837 13 7 147
2838 9 13 54
2839 5 3 138
2840 13 14 127
2841 9 2 80
2842 8 6 104
2843 11 5 146
2844 13 2 22
2845 13 4 109
2846 9 2 66
2847 2 12 84
2848 8 6 97
2849 7 10 34
2850 14 5 107
2851 5 7 56
2852 7 13 89
2853 3 8 96
2854 7 4 46
2855 1 6 27
2856 1 4 136
2857 10 9 65
2858 13 9 48
2859 13 12 53
2860 1 11 141
2861 1 12 82
2862 5 9 68
2863 6 1 138
2864 11 10 66
2865 14 6 108
2866 5 6 117
2867 13 4 128
2868 8 5 123
2869 10 7 41
2870 12 5 68
2871 11 12 70
2872 7 1 67
2873 12 1 132
2874 14 7 63
2875 5 1 75
2876 8 9 80
2877 12 9 52
2878 14 4 138
2879 7 2 34
2880 14 6 37
2881 13 5 141
2882 1 7 20
2883 7 6 23
2884 6 9 106
2885 1 9 80
2886 5 8 92
2887 13 8 33
2888 4 11 141
2889 14 11 110
2890 10 2 32
2891 4 10 26
2892 7 1 42
2893 7 13 93
2894 12 3 39
2895 6 9 99
2896 4 12 92
2897 1 12 131
2898 3 5 148
2899 8 3 118
2900 10 2 118
2901 9 10 148
2902 7 5 122
2903 7 5 34
2904 7 6 48
2905 3 11 43
2906 10 11 70
2907 10 13 97
2908 8 4 82
2909 7 2 43
2910 3 4 52
2911 11 9 30
2912 5 9 67
2913 6 7 72
2914 11 1 64
2915 6 1 56
2916 3 11 96
2917 1 6 23
2918 7 8 99
2919 14 3 46
2920 14 11 66
2921 3 9 65
2922 5 11 103
2923 8 12 118
2924 5 7 74
2925 14 13 24
2926 8 11 89
2927 6 10 110
2928 5 11 104
2929 11 2 141
2930 3 10 115
2931 4 2 88
2932 11 8 73
2933 8 7 134
2934 3 4 58
2935 2 3 97
2936 6 4 50
2937 3 12 149
2938 1 11 135
2939 1 8 143
2940 5 10 94
2941 1 2 43
2942 10 12 127
2943 9 14 72
2944 8 13 59
2945 3 4 54
2946 10 4 113
2947 5 1 62
2948 1 9 81
2949 11 7 90
2950 5 6 37
2951 3 2 109
2952 7 8 61
2953 11 14 145
2954 13 4 130
2955 5 4 45
2956 6 3 23
2957 4 1 98
2958 4 5 24
2959 4 2 141
2960 7 3 127
2961 12 11 138
2962 12 11 108
2963 11 6 25
2964 14 8 142
2965 13 2 24
2966 2 9 84
2967 1 12 60
2968 11 4 134
2969 12 3 105
2970 4 3 97
2971 3 10 149
2972 9 3 67
2973 9 11 71
2974 5 2 25
2975 13 10 118
2976 3 12 133
2977 10 2 86
2978 2 5 123
2979 7 4 23
2980 2 5 91
2981 11 12 72
2982 11 9 40
2983 12 5 80
2984 14 9 43
2985 1 6 140
2986 12 6 80
2987 11 7 119
2988 12 8 146
2989 14 12 119
2990 4 9 52
2991 11 1 22
2992 14 2 62
2993 1 13 128
2994 2 3 147
2995 9 4 94
2996 2 9 107
2997 1 10 134
2998 4 12 96
2999 8 11 79
3000 3 2 105
